1 276403424445
2 340667254641
3 309789231166
4 360384907808
5 428298844792
6 203647202611
7 562713688957
8 0
9 299638160915
10 227052336078
11 294218593006
12 205287709467
13 377105553
15 286853399325
16 326772835028
17 270077937403
18 186121154217
19 347770146626
20 282576910461
22 183133500526
23 173707322482
24 0
25 213116379298
26 214732239459
28 544966413575
29 0
30 64400746591
31 252881697198
32 596808562780
33 337115777310
34 250337901574
35 0
36 315037809503
37 302389685096
38 47108437366
40 214355012568
41 210744476813
42 392711070492
43 296869685176
44 153809406524
45 448417188284
46 238046807190
47 242531747611
48 211958698390
49 275179387272
50 247837732792
51 117846235998
52 242722985308
53 325469927633
54 233499491306
55 0
56 287726966095
57 231113454689
59 366654712132
60 95830081034
61 202384757552
62 417102487781
63 260947140145
64 367230990960
65 273983936401
66 272184871535
67 0
68 95972203418
69 0
70 237056917361
71 0
72 332961543972
73 244118029350
74 31054815786
75 340667254641
76 350509637061
77 293452376254
78 197539400002
79 179986417199
80 0
81 103553276306
82 419123674892
83 323450080042
84 321583775629
86 367230990960
87 0
88 61600202813
89 210915557077
90 148391374497
91 256001109559
92 159526131964
93 266781436335
94 154215908447
95 341967115541
96 125011920176
97 320785555199
98 250499932327
99 124795538594
100 152723178328
101 305366679757
102 10064594041
103 296324497764
104 179952038522
105 336471416053
106 184131097330
107 0
109 366543815534
110 302580721839
112 278248778956
114 46495144490
115 289660118840
116 271655209612
119 322597534532
120 187098199180
121 192606674592
122 217177448988
123 0
124 430695417362
126 262659053018
127 64812147296
128 299638160915
129 250499932327
130 77138467014
132 191693477142
133 0
134 394765002684
135 206105264005
136 207055754552
137 148953291968
138 252043128301
139 231113454689
140 282639936876
141 170604626386
142 316913989147
143 119796122016
145 232434394023
148 212602189590
149 319484993683
152 172558939821
153 217493229678
155 280000336151
156 245885419760
157 389664203709
158 301165291521
159 189603499301
160 508342049755
161 253359550593
162 285345201223
163 228218663758
164 0
165 54979417922
166 186121154217
167 312341302692
169 350491609818
170 302580721839
171 168998833336
172 477617520655
174 430454305872
175 173380560212
176 275083515511
177 115172207860
180 315940569777
181 0
182 382269076715
183 397993832728
185 307557193133
186 340801819348
187 426008099448
188 336471416053
189 322970545945
190 278352229925
192 306552338249
193 256001109559
197 85366451727
199 350491609818
200 0
201 363984953544
202 328530416848
203 134194505768
204 0
206 0
207 176905498932
208 200825284913
209 244690114712
210 190598334919
211 233432294623
212 309789231166
213 0
216 315087951208
217 250481905084
218 0
219 346109882943
221 278840392042
222 397263060003
223 0
224 496158544323
225 327998337116
226 0
227 198682644164
228 0
229 32852546650
230 76068391385
231 0
232 327999267507
233 238046807190
234 325078365467
236 196944123714
237 538326241310
238 208823012402
239 0
240 286527144345
241 0
242 346472207443
243 180702389521
244 355045078685
245 275376657445
246 185266702036
248 206105264005
249 325483419135
250 175335441552
251 340667254641
253 254305317318
256 242414248776
257 60362820785
258 376063487278
259 246570252145
260 315940569777
261 147276218592
262 219607447752
263 267627161508
264 523838378692
265 0
266 113286553939
267 425941214642
269 0
271 162783278583
272 143543867531
274 236133941186
275 362212431719
276 207913741344
277 92282770842
278 213972556317
279 220694056839
281 319826898191
282 244118029350
283 0
284 180148461731
285 388561250038
286 174438095207
287 256001109559
288 0
289 185120429768
291 338595489171
292 350491609818
293 304477304610
294 135602958124
295 111281491762
296 202384757552
297 345275870856
298 147467444474
299 388561250038
300 86425479994
301 379197844502
302 433908369298
303 406779262836
304 245885419760
305 248833756524
307 243804895156
308 415661598254
309 0
310 372259852328
311 292816930999
312 396228743816
313 431986697713
314 153329043089
315 0
316 0
317 250880696136
318 461143754626
319 466800663000
320 242393366301
321 252615446170
322 338690121011
323 146967955811
324 302580721839
325 183757767847
326 433908369298
327 101853834643
328 293452376254
329 118829847926
330 305107918322
332 321728397007
333 325078365467
334 0
335 202516775435
337 221583541061
338 167626983723
340 249076455221
341 259723426328
342 187717261361
343 203072632108
344 350509637061
345 0
346 330570952286
347 333035614191
349 514562720492
350 136182887994
351 242264174122
353 372458313692
354 90409836285
355 213487051213
356 208407221059
357 277424138716
359 327155512839
361 272947671276
362 159526131964
363 286687877549
364 172558939821
365 307575521825
366 346909641101
367 316913989147
368 405794987834
369 303160349580
370 250499932327
371 208274914469
372 405230508400
373 454504569339
374 204242936488
376 301602903178
377 236704661691
378 364111494536
379 0
380 393978499060
381 208274914469
383 214185083534
384 290060387585
385 387821083739
386 354897095743
387 156320961579
388 342226128651
389 336471416053
391 209002691073
393 380387088303
394 347533088278
396 425643041841
397 426716446654
398 124022068406
399 307557193133
400 461717778362
401 388561250038
403 208825723895
404 233372595821
405 278852764200
406 310345944678
409 266196876638
410 218503878345
411 334723213944
412 318553360059
413 144770024868
416 91383976371
417 327389899582
418 307557193133
419 256600663814
420 0
422 277431736184
423 202963347238
424 273293418784
425 136343614515
426 138994946793
427 593220737164
428 273574328787
429 243804895156
430 376502237091
431 0
432 360794437198
433 108110384978
434 263937902882
435 250785851409
436 323371145687
437 282639936876
439 422993579637
440 173707322482
441 65947662694
442 334723213944
443 276403424445
444 81245966073
445 361671718075
446 290017931891
447 338740484125
448 428298844792
449 210431619444
450 255088507556
452 201260733838
453 114787361703
454 419060010321
455 284224004351
457 155808180253
458 373727491939
459 235528946847
460 250369037394
461 197869619972
462 341967115541
463 292517301916
465 210241324343
466 72143360425
467 121006504050
468 81396618625
470 342226128651
471 266853252718
472 252881697198
473 413447325600
476 269550084889
477 256781856323
479 301165291521
480 341409941007
481 111281491762
482 0
483 2441699901
484 147699902783
485 210915557077
486 166847903158
487 168534286898
488 104952230295
489 244118029350
491 355045078685
494 275179387272
495 299316125292
496 192087881445
497 337695644376
500 219551533954
