1 264341756838
2 356590372650
3 285782100654
4 283864499256
5 387154481161
6 184113691216
7 491650177574
8 0
9 261001823370
10 281978074175
11 288474816305
12 253927418082
13 0
15 267411312299
16 366822588214
17 349540406258
18 235644260682
19 366824630591
20 258077998619
22 142499763748
23 181568709440
24 47051492530
25 182108749244
26 275800064720
28 531488314807
29 0
30 96493954302
31 231338597481
33 247540919040
34 299863673879
35 0
36 290959172823
37 399910795922
38 102537157217
40 251442480573
41 111750769723
42 317909087266
43 260611335128
44 185273871018
45 433150701738
46 263042484863
47 272237477483
48 275191916483
49 293156813072
50 256086909235
51 135492849638
52 351853485130
53 338175189708
54 276333513268
55 0
56 347758411226
57 208726435771
59 380077248489
60 168123259929
61 236193301038
62 479534102763
63 282258636316
64 345314751891
65 254822431859
66 294609204119
67 0
68 3517340514
69 225369664119
70 216599245613
71 0
72 230234808125
73 281488674896
74 0
75 283064164211
76 326924648958
77 310741322190
78 184580677825
79 297356960008
80 0
81 0
82 429449459666
83 310991391239
84 360752896186
86 305544286609
87 0
88 0
89 219483556093
90 305847474893
91 246726902085
92 152316149442
93 307787488306
94 183247226725
95 360368499633
96 151152701429
97 316702550299
98 271734318771
99 182460466619
100 183372597956
101 289373827784
102 0
103 361706804424
104 158985945834
105 334940395212
106 202181959586
107 24768138007
108 224610214996
109 289373827784
110 289129370160
112 302104196650
114 83595987856
115 321697898615
116 228256421387
119 312319015289
120 321585255188
121 180874152643
122 250093807349
123 0
124 360939934305
126 180968958752
127 57973073017
128 180929881409
129 241188548490
130 146106137545
132 171188200491
133 0
134 443536303900
135 144922886567
136 192791670849
137 350024656397
138 271782062803
139 244249680943
140 222462242156
141 184154162833
142 290668862310
143 199875862792
145 198707758788
148 129972744469
149 357139125457
150 277025806671
152 279386792382
153 293153473264
155 250555146208
156 206505466114
157 316457790480
158 326600317769
159 170704067998
160 509662944151
161 368573189148
162 285617508037
163 252397653830
164 0
165 35950081465
166 136077651276
167 283830418706
169 319010538751
170 304666528199
171 170704067998
172 452194246284
174 356590372650
175 245676429221
176 322704601688
177 82928241791
180 196148182979
181 25289589420
182 375966769479
183 431276809401
185 318019390099
186 313030370280
187 329703187141
188 326472188146
189 267411312299
190 293982388370
192 337830281976
193 115290908977
197 163347729918
199 370606654893
200 0
201 417323193612
202 285354150982
203 148874113270
204 0
206 99824823131
207 232938694635
208 133033803816
209 288155096264
210 357139125457
211 184113691216
212 269898095115
213 0
216 307747059039
217 188234072772
218 61370033258
219 295634293669
221 308931360273
222 367516858408
223 0
224 443192738082
225 309627416760
226 0
227 268908695912
228 70553236618
229 0
230 207043391528
231 0
232 223371459300
233 245807195053
234 309089724762
236 200311252630
237 509662944151
238 207810705329
239 0
240 333688576843
241 0
242 377229040230
243 122738218400
244 369547398814
245 295876326697
246 152641508136
248 142579897957
249 360258343844
250 300467868697
251 247540919040
253 260309916978
256 274892780364
257 181874299458
258 394305428372
260 294513862963
261 207810705329
262 268908695912
263 181784922669
264 490757387098
265 0
266 139422196285
267 433481735560
268 468758103145
269 0
271 222094140602
272 148307046458
274 212264455481
275 404590482587
276 340774774018
277 21293604116
278 272286941742
279 191482978387
281 348251102769
282 249028129101
283 0
284 281488674896
285 391721078532
286 245328660433
287 290536964546
288 0
289 135326893712
291 316809507854
292 370606654893
293 297453665846
294 129011746466
295 92042501535
296 298788078227
297 287677455507
298 255952168597
299 431191370730
300 87683271220
301 436414483514
302 428216677837
303 414833580365
304 217781086873
305 138438590254
307 233516918557
308 310496191678
309 0
310 368573189148
311 216094366834
312 342638404864
313 366110844349
314 130855329158
315 145561137950
316 3507992285
318 304685684837
319 324150493878
320 290595380807
321 345609066030
322 330968064385
323 142333862498
324 342288424996
325 149574169036
326 436414483514
327 70543018902
328 250093807349
329 190952105498
330 380077248489
332 175546176946
333 309089724762
334 0
335 171753558164
337 223776981851
338 161365431317
340 203864381365
341 307779132819
342 216981945247
343 242815739439
344 326924648958
345 0
346 368211088718
347 249833990974
349 352770583952
350 54310690452
351 259795896742
353 296634739005
354 137914939672
355 232409335300
356 275191916483
357 271185403519
359 194411817046
361 280237202312
362 152316149442
363 234918395163
364 189206984603
365 234532076039
366 368408822845
367 260309916978
368 304666528199
369 263763542625
370 278718478631
371 224645143334
372 428475017843
373 411028990328
374 189736739243
376 347472502440
377 225172358554
378 254607055183
379 0
380 393325286019
383 254416087175
384 311040420313
385 314307103425
386 231831884216
387 164764037962
389 347200697651
391 185940816521
393 330771399339
394 341352814791
395 290400456453
396 410628943126
397 515913101172
398 128578634397
399 274209327638
400 403647039670
401 398730824934
403 161613693622
404 120094653383
405 222864754927
406 349715147918
409 290595380807
410 231880282529
411 357422593791
412 348846647362
413 299863673879
416 11725902721
417 346096974197
418 391264618158
420 0
422 279556096758
423 243003744284
424 150211144131
426 266384670741
427 581658427351
428 225172358554
429 152316149442
430 365535706335
431 0
432 365037776177
433 200686179464
434 349686237913
435 208984178653
436 334561418978
437 281488674896
439 263310222838
440 181568709440
441 107977785511
443 203139248574
444 83595987856
445 408030112246
446 243003744284
447 298880575202
448 447801996002
449 109148870853
450 224655361050
451 269898095115
452 122116753810
453 135605086167
454 283864499256
455 320017924063
457 221104220478
458 404396021260
459 217977818885
460 347924412028
461 177200602215
462 309460472236
463 346610963610
464 315075783868
465 255274547850
466 116450395176
467 108457093781
468 65706309003
469 169794581462
470 368447005449
471 225413773472
472 272302035551
473 411614571817
475 236238711559
476 271734318771
477 221363232862
479 314374886156
480 202951793010
481 137082867046
482 0
483 83746898334
484 180523864598
485 219483556093
486 197709702513
487 151217559191
488 160221609116
489 234918395163
491 304685684837
494 293156813072
495 311760332237
496 213404287396
497 272235435105
500 309155410558
