1 293433737614
2 401689482225
3 296039822391
4 292709564389
5 387434853498
6 195284177044
7 451944839810
8 0
9 273232831114
10 190493526848
11 260188532964
12 204047946544
13 15278967179
15 255796174176
16 348908014513
17 336240481343
18 230880428372
19 337325063459
20 284114279719
22 133195365341
23 179325459260
24 104150432489
25 216287269282
26 194714156818
28 499623757227
29 0
30 75985327433
31 218852501937
32 343830642227
33 297930395919
34 295188061154
35 0
36 252197827207
37 368421879777
38 115784847419
40 268496347726
41 174045356789
42 330792103508
43 278848812323
44 198699029938
45 439578879075
46 287685794258
47 198878673251
48 185871103927
49 266987383312
50 192533417355
51 89499100811
52 205095279061
53 295729286281
54 205244438228
55 0
56 301264418866
57 225615225263
59 387766568264
60 194421900919
61 252197827207
62 482355798129
63 208411752596
64 385553348923
65 306238796986
66 255080135258
67 0
68 157002134718
69 208411752596
70 261878774555
71 0
72 278052306698
73 314335112897
74 0
75 301322168641
76 288272659390
77 321880344411
78 198717680610
79 278407771627
80 0
81 382936526661
82 428228455729
83 287284393801
84 267433714751
86 340524660379
87 0
88 93696768451
89 172624917410
90 194820960198
91 224690970116
92 151242045896
93 218069690554
94 135740719322
95 316070715129
96 201520777944
97 308112038044
98 183783038872
99 108951293962
100 221015592157
101 317434965130
102 14514926081
103 338567549389
104 198140034648
105 334294740280
106 226804465267
107 0
109 317434965130
110 273100868968
112 308128861277
114 31892854563
115 282314794541
116 238988682064
119 371562820740
120 255312306152
121 193858690647
122 226805467731
123 0
124 452213312237
126 254899266776
127 79940189262
128 273232831114
129 252197827207
130 127651494035
132 101023434759
133 0
134 459511148783
135 236721304276
136 168901568802
137 352741030577
138 257823437966
139 244265639451
140 233996914477
141 190367204903
142 223925529213
143 186342877716
145 223415273660
148 220247812040
149 357343383340
152 180293186522
153 319845645608
155 336161728229
156 207561689190
157 321851051450
158 299524625881
159 174152050396
160 505095903345
161 314185953731
162 276101059918
163 222337137393
164 0
165 0
166 124243934203
167 237609634423
169 306540789668
170 273100868968
171 222180040312
172 425691134032
173 276760397478
174 401689482225
175 295403868948
176 318288898266
177 82129419884
180 233929696929
181 1427256588
182 400031865410
183 433239687243
185 323873563620
186 290034244227
187 291337330561
188 334294740280
189 266323538686
190 276464759819
192 291579177107
193 222747887680
197 122056846209
199 386124476691
200 0
201 384833378076
202 269706733136
203 247948569539
204 0
206 89865807597
207 131400290511
208 171247184184
209 268099631389
210 278424223415
211 196352854548
212 296039822391
213 0
216 284521438261
217 252197827207
218 115626446982
219 324343495421
221 324949037936
222 368299507052
223 0
224 433616219064
225 340401069820
226 0
227 223305292813
228 0
229 0
230 189488683976
231 0
232 221194324450
233 287685794258
234 331348146130
236 223791279554
237 505095903345
238 141500847900
239 0
240 303744270776
241 0
242 296997200739
243 153297618709
244 346927330380
245 336240481343
246 122379073907
248 181292503923
249 356225870978
250 291560524580
251 297930395919
253 225527322374
256 228119735932
257 155440612986
258 358559333393
260 242852261493
261 141500847900
262 211403576049
263 275926347145
264 435980715333
265 0
266 116236935121
267 363947729179
268 423826273736
269 0
271 176165768602
272 208281563652
274 305985589457
275 363559107790
276 237080658690
277 52172993401
278 241789555761
279 245769708737
281 366812644367
282 314335112897
283 0
284 153139194164
285 388735495199
286 244265639451
287 261835517723
288 0
289 172718050962
291 252893145408
292 397567324056
293 279713232279
294 180293186522
295 208411752596
296 267351641749
297 331085665777
298 232021254348
299 448055252681
300 139124111146
301 373804027546
302 413555232939
303 383660295630
304 223697822492
305 178876733096
307 168251616181
308 432449247814
309 0
310 340018620283
311 267547353595
312 400839418819
313 322988365139
314 168678817777
315 67360931153
316 12350608761
318 346927330380
319 452251726217
320 290680160405
321 290503933302
322 347852274979
323 158216311333
324 273100868968
325 200387605185
326 373804027546
327 77388276194
328 216596922977
329 171148814147
330 387766568264
332 186347407081
333 331348146130
334 0
335 205726558437
337 234667825324
338 143118205740
340 214337720286
341 252048668041
342 246921456405
343 214603703769
344 288272659390
345 0
346 350079778265
347 283783151183
349 371304490813
350 101964568550
351 321826901812
353 352672497874
354 88349849279
355 278348449279
356 194046751534
357 218819014249
359 254600838175
361 282578376512
362 151242045896
363 220205434609
364 180293186522
365 325129052546
366 438626471643
367 292281423994
368 379120450896
369 265107612486
370 214414785668
371 233397609472
372 385649164971
373 439624419654
374 257523391791
376 341800682491
377 223443866818
378 254600838175
379 0
380 377334199156
383 231222014924
384 351232091885
385 335538297834
386 245300790064
387 136195065190
388 291337330561
389 344457828074
391 190924712609
393 321826901812
394 311356362126
396 352650824413
397 442173729011
398 150916863983
399 329065164885
400 458060244434
403 207300580162
404 137855683179
405 271192940607
406 275185489031
409 299567840186
410 263478950103
411 330248088963
412 275274637869
413 240899305673
416 203706408639
417 354661364040
418 353056023229
419 208916438411
420 0
422 247426519510
423 285083374871
424 223188921635
425 186041129878
426 244691961318
427 603989095610
428 223443866818
429 232388209732
430 308863847355
431 36650566869
432 388986194284
433 147479397477
434 230351722634
435 229372177763
436 385638954870
437 233996914477
439 359463666009
440 179325459260
441 189003713751
443 293433737614
444 92134770579
445 378914893909
446 285083374871
447 323219862560
448 475274215747
449 44012154290
450 131603142601
451 259492401161
452 225921980817
453 177928352929
454 324270604286
455 293861807129
457 167244571106
458 350324843208
459 217176970357
460 325649617451
461 205726558437
462 332636230262
463 363000900245
464 353040997015
465 243133791053
466 85262129077
467 91787357843
468 104508135886
469 243518039467
470 319703535600
471 173776044503
472 259093055877
473 389321571999
476 288371060565
477 223517782036
479 336931302638
480 300164881299
481 158265094539
482 0
483 47971040960
484 179062547384
485 186041129878
486 186041129878
487 314418244418
488 142065073565
489 287807626958
491 346927330380
494 266987383312
495 307949273220
496 247317310178
497 251586586363
500 311639618789
