1 278663247954
2 327001857342
3 284678853079
4 274488555851
5 410500676798
6 167852236686
7 475979363621
8 0
9 242585531864
10 261550790988
11 278663247954
12 190467109289
13 65554027827
15 194335182634
16 325553529605
17 389819380340
18 216121307668
19 412348118622
20 267520099366
22 135193245345
23 167941089013
24 32396327651
25 195511716796
26 267485092629
28 462502325095
29 0
30 22372743369
31 200325214377
33 322885471665
34 308846083722
35 0
36 271371791641
37 401815918173
38 129061311100
40 293330695046
41 76902861327
42 314862439540
43 260349388447
44 204124769836
45 418527576798
46 265016707363
47 248836615878
48 311071367215
49 275343895774
50 282074370202
51 144565941064
52 309896167350
53 352012330076
54 250434770334
55 0
56 294197542529
57 229499170032
59 456796455361
60 157825081393
61 267138320440
62 536342382246
63 245612046655
64 319916858621
65 323090068335
66 305808362255
67 0
68 152055634776
69 253453497250
70 243879507027
71 0
72 194262167734
73 284211413443
74 0
75 287296481926
76 287286218585
77 331662331015
78 231139634746
79 274182349981
80 0
81 0
82 458916368834
83 254046292182
84 375991588285
86 312858608454
87 0
88 20778890755
89 222683030200
90 338886891339
91 233350321442
92 169475066504
93 268438459266
94 132050015197
95 288513346887
96 251221491985
97 293626299950
98 264196319544
99 132884090409
100 190726227069
101 265862158837
102 0
103 358671543326
104 156327481371
105 326202520776
106 195503532704
107 41729028058
108 182471237749
109 266506378132
110 269788610444
112 362279476813
114 62359641184
115 244403023252
116 269326514897
119 369760098922
120 239914986408
121 162785328668
122 237540589289
123 0
124 425609854518
126 198249400804
127 104814339334
128 196412248135
129 305099040403
130 123880934482
132 105904918482
133 0
134 450212776637
135 223611017489
136 274847989384
137 296115261715
138 289135608601
139 248157910124
140 263841580580
141 178107896998
142 272785775531
143 186412929264
145 196542720698
148 183651795734
149 371326228702
150 277518998488
152 262590564611
153 252438654267
155 323726980679
156 292693863116
157 351492877620
158 412310497267
159 165154108944
160 525821790404
161 352990466091
162 262719883655
163 265273583605
164 0
165 0
166 127724639365
167 262452798288
169 248512511000
170 305720435121
171 190629483060
172 403762363370
173 183990560991
174 327001857342
175 313802291587
176 419068809783
177 104723646922
180 243370330511
181 19626292723
182 383393213459
183 421558234191
185 354844669699
186 304937750449
187 309222351912
188 326202520776
189 226511573377
190 268402106041
192 321160469623
193 182761467011
197 152642723189
199 387513008147
200 0
201 407083413428
202 292752696786
203 244884994451
204 0
206 90151651169
207 205016691698
208 153736418532
209 278674676893
210 371326228702
211 167852236686
212 247088282925
213 0
216 306139366028
217 204596622926
218 75771789679
219 275245214217
221 289157252458
222 321489371141
223 0
224 442412910984
225 347000710417
226 0
227 240370357326
228 50416123215
229 0
230 211086793277
231 0
232 215494219329
233 267070785458
234 310707205784
236 178687061053
237 525821790404
238 162700122985
239 0
240 245700615685
241 0
242 360993511084
243 114641262818
244 328619444160
245 321993460702
246 168724589776
248 124612560255
249 348125348918
250 330631327113
251 268637741834
253 236461897064
256 221582513038
257 160115302459
258 418582035455
260 248059654045
261 162700122985
262 219748427354
263 257315121656
264 466601658663
265 0
266 150122266850
267 357992237790
268 444762313781
269 0
271 212620666817
272 151709853626
274 195121023522
275 368320436506
276 270531690799
277 24129278613
278 251221491985
279 207831018162
281 400157185616
282 284211413443
283 0
284 228907758796
285 362037634031
286 268009952063
287 272106065390
288 0
289 123117946115
291 288865251233
292 398418022745
293 275117714191
294 154002459163
295 193093626929
296 268382944529
297 331662331015
298 237968162021
299 453335788269
300 123317422337
301 371335268874
302 391886625979
303 393327686220
304 299778861838
305 115379104718
307 177980029393
308 358454949285
309 0
310 352990466091
311 258434872381
312 315545815989
313 392717307887
314 127664419605
315 124612560255
316 0
318 316720051118
319 333812777450
320 273575917168
321 334205942716
322 377029970093
323 149197005188
324 311329467498
325 150134110521
326 371335268874
327 118947500066
328 237540589289
329 182150427446
330 456796455361
332 169475066504
333 310707205784
334 0
335 236461897064
337 243520302699
338 195906553019
340 169879188811
341 273375675574
342 239086603634
343 221077571386
344 298481269405
345 0
346 324377758948
347 257000525627
349 334143010308
350 109038737854
351 287814879968
353 315153626102
354 99920383517
355 215719255414
356 311071367215
357 249083753579
359 169240459149
361 290161281293
362 169475066504
363 277940153290
364 223125493328
365 266519127500
366 406993346296
367 264936537061
368 305720435121
369 249789659621
370 296689927922
371 235161865489
372 383283631716
373 429461659715
374 194300724242
376 367263690199
377 243877479401
378 238363493314
379 0
380 409601159682
383 264936537061
384 315153626102
385 313505228750
386 199212111584
387 212514181650
389 383322874088
391 187707856127
393 287814879968
394 302754716592
395 291851853640
396 432646085585
397 520017800238
398 154144497593
399 330382111765
400 434786454147
403 213257037002
404 91439028310
405 175888668921
406 309329296371
409 273575917168
410 261406144714
411 273554219742
412 332156558076
413 307067596691
416 14126265464
417 272205400657
418 433114894078
420 0
422 290501301274
423 248102932607
424 150595674286
426 258555393076
427 606672313781
428 247305777367
429 169475066504
430 291118447762
431 0
432 293626299950
433 131373815982
434 308527986646
435 241850396823
436 347346970493
437 263841580580
439 297348569097
440 167941089013
441 129535974097
443 255712404214
444 62359641184
445 380384498044
446 247853209467
447 309272869853
448 400179933899
449 21133113856
450 104015515195
451 247088282925
452 163185918318
453 195657843041
454 311167430399
455 255733572184
457 115683757251
458 380009930544
459 217662300184
460 364454810654
461 183491302331
462 288513346887
463 360807596654
464 348677067165
465 248552246514
466 141228321200
467 127550059532
468 83185564701
469 174059549606
470 342808473906
471 230394787802
472 274847989384
473 360677986820
475 248157910124
476 264196319544
477 221197479212
479 303662754867
480 263725902195
481 213919615962
482 0
483 123707783186
484 166053789579
485 253286261463
486 211610485560
487 351530910023
488 136599002267
489 277940153290
491 276661441223
494 275343895774
495 359584030856
496 183960700958
497 269446751738
500 319735846317
