1 216959362158
2 309475466203
3 266223700374
4 337243243633
5 439178395597
6 255583874821
7 578961930093
8 0
9 271599150857
10 300036771572
11 270555542095
12 234077464249
13 0
15 288467489492
16 356561942955
17 271943657247
18 237922093876
19 422466666433
20 231730253424
22 176915174021
23 181685703208
24 0
25 208938703404
26 312781001968
28 540468219334
29 0
30 38740759181
31 205277420478
33 346676191039
34 241119318429
35 0
36 306506112108
37 326331197219
38 141702212128
40 202395736333
41 162116678891
42 377214356673
43 286323692586
44 183534553904
45 471270705978
46 211859515030
47 240463123976
48 237085311025
49 346847510211
50 311002425749
51 82203831370
52 294212225040
53 348899747542
54 253147329976
55 0
56 326078510817
57 175938658987
59 360160761889
60 124932203602
61 236508911521
62 429251284010
63 275361580695
64 309475466203
65 231650989068
66 248204130029
67 0
68 73345907597
69 60935087595
70 211924317627
71 0
72 213130022948
73 247459319011
74 0
75 296855703519
76 381242206464
77 288811517736
78 205856326396
79 82488608973
80 0
81 0
82 434314090843
83 334588821986
84 377193675865
86 305446548649
87 0
88 0
89 236152484624
90 257130143166
91 261566662479
92 175904011605
93 296001229739
94 124015208317
95 391328881754
96 127200794348
97 309408954790
98 278229401913
99 199259260179
100 148881938981
101 295527445247
102 0
103 294890757246
104 187257472541
105 294868467788
106 208931456055
107 0
108 211924317627
109 295527445247
110 339577099050
112 272010086668
114 66334507255
115 266858552284
116 301579080776
119 302238302747
120 223676953995
121 202284254054
122 217872878340
123 0
124 402974933070
126 255360587094
127 73125037919
128 166556857791
129 236508911521
130 111670131559
132 170178056227
133 0
134 479618168711
135 193715031644
136 191687904453
137 158718344594
138 230569595247
139 180217553107
140 265298341381
141 162153120724
142 292719256508
143 157068173755
145 209861951157
148 117762764591
149 368196659634
150 281751859660
152 231052637496
153 214754004758
155 218103518407
156 233113664147
157 345537334480
158 306418704746
159 229746383215
160 484525696226
161 316008722722
162 324849197692
163 205346045681
164 0
165 59157257645
166 176987006281
167 288961659193
169 320216655153
170 328514052353
171 209636889035
172 446387400038
174 382396200097
175 234985076400
176 316073638980
177 72012306085
180 281742604003
181 79454968836
182 412295131885
183 380847628340
185 328988678968
186 394095914666
187 383925996708
188 320259751611
189 293803731409
190 234958954640
192 403940580778
193 179964436002
197 86743785548
199 320216655153
200 0
201 399335100153
202 304910089869
203 143744649248
204 0
206 0
207 244074594038
208 194203523766
209 285676191817
210 318246708941
211 255583874821
212 269322379955
213 0
216 317870170738
217 175483360210
218 0
219 294868467788
221 305250416126
222 380604051297
223 0
224 508507917069
225 314209713713
226 0
227 239874028915
228 61862031718
229 0
230 83039008005
231 0
232 269831838314
233 226384138791
234 368505183814
236 229823114877
237 505392352129
238 263585399349
239 0
240 316073638980
241 0
242 419300797599
243 106009777677
244 353989296263
245 269322379955
246 146001321330
248 137350460765
249 314089261100
250 242577629244
251 292576809398
253 205277420478
256 324947555031
257 114315997090
258 361311851356
259 288984310965
260 305755002315
261 238302015189
262 283586516327
263 195206700068
264 464926468999
265 0
266 86874125214
267 462672599885
269 0
271 151148513819
272 100605773753
274 205566631210
275 419566585915
276 307889829250
277 121934944546
278 324544423360
279 155703505215
281 346333639851
282 223379296043
283 0
284 295084750317
285 362298507822
286 180217553107
287 279954276628
288 0
289 108825612994
291 355885147834
292 320216655153
293 302056372350
294 81330837364
295 117195922510
296 333937209327
297 288811517736
298 215692024227
299 428501787121
300 66055409383
301 387800566929
302 387800566929
303 464453919673
304 233113664147
305 195989372828
307 200980635358
308 298049254851
309 0
310 382016220813
311 293538548975
312 346383099288
313 459796519421
314 82870067979
315 30139225980
316 0
317 249293734319
318 464646118779
319 360689791696
320 240956496614
321 377702865424
322 297896860399
323 177885342229
324 339577099050
325 190181451052
326 387800566929
327 51677234602
328 288762439016
329 186949013070
330 334877377729
332 239744983058
333 368505183814
334 0
335 204848114433
337 251165999351
338 200986124576
340 259317007231
341 268112786890
342 181345215875
343 212778411444
344 381242206464
345 0
346 353989296263
347 359511092394
349 495854205751
350 11656503910
351 219521312819
353 301158200567
354 181714681439
355 214424635528
356 237085311025
357 295165720788
359 214230469650
361 304448760719
362 175904011605
363 274586389031
364 231052637496
365 282685789751
366 290243741185
367 292719256508
368 334732660956
369 257316678415
370 278229401913
371 278776862077
372 458940056143
373 402490778200
374 152992879891
376 314842863941
377 269165820456
378 363952269782
379 0
380 426902130300
381 183183864996
383 211707269253
384 278229401913
385 407445102408
386 279262512861
387 159885521124
389 257605476424
391 215334977043
393 308892620120
394 421728786487
395 305955738208
396 421312980511
397 543556580172
398 82555040241
399 313397369346
400 393544523683
401 404421764153
403 216671936339
404 171781665971
405 303783870318
406 299303931655
409 299378816426
410 234013821926
411 329629025474
412 316850585928
413 250327474557
416 0
417 301579080776
418 328988678968
420 0
422 304743206275
423 223473151918
424 109463787223
426 215334977043
427 535546080328
428 268284213024
429 182015910104
430 389268717030
431 0
432 309408954790
433 183987833780
434 301497621685
435 281704863926
436 339902731312
437 265298341381
439 323537360750
440 179973976064
441 105550131418
442 329629025474
443 216959362158
444 66334507255
445 430503988745
446 235534784616
447 293538548975
448 439227474317
449 198202798567
450 288961659193
452 121775757902
453 178551449471
454 381485135987
455 353262843309
457 233565211815
458 457993715734
459 202284254054
460 264525567751
461 204848114433
462 314089261100
463 343915220048
465 208792009972
466 53295075940
467 105677212834
468 55455362291
470 399066119296
471 299133018035
472 237738224647
473 377955900816
475 200368084507
476 278229401913
477 249279356103
479 306418704746
480 225051221137
481 117195922510
482 0
483 56332996515
484 134444702479
485 236152484624
486 151972582210
487 69570491204
488 109824728330
489 223379296043
491 282903592825
494 346847510211
495 266223700374
496 166391887606
497 352783788114
500 280259304147
