1 305846774328
2 379745950019
3 310225256881
4 252380150933
5 423661542535
6 184988862220
7 470650531109
8 0
9 261078065807
10 193421242304
11 305846774328
12 224247105576
13 0
15 290214547813
16 359645538353
17 313979583332
18 220782999939
19 321462722696
20 271200738728
22 147350770003
23 179648825046
24 76139530146
25 202035707656
26 197110513038
28 499304554174
29 0
30 83232274406
31 264201747385
32 640304499275
33 283757360291
34 264579356396
35 0
36 264652830983
37 343983012138
38 54037826295
40 301614112877
41 159246979891
42 298432152545
43 344800221371
44 190779571133
45 438394278414
46 262695441388
47 245910094262
48 201869716914
49 255758947259
50 213593250087
51 57661124460
52 250537731909
53 298479083721
54 207213037297
55 0
56 342107386355
57 239506110934
59 407401859008
60 124887286273
61 247843413810
62 486127842642
63 236391867880
64 393600099593
65 289785137923
66 288005957140
67 0
68 43522522459
69 179674629645
70 254657961897
71 0
72 344957205645
73 292302902376
74 0
75 297864540488
76 331542976648
77 304585511360
78 187135252572
79 301062030662
80 0
81 98617434920
82 405272699447
83 299137501987
84 292815766378
86 393600099593
87 0
88 72681140397
89 194784387713
90 224074539132
91 235944337754
92 106207034422
93 220206627203
94 183279689464
95 304210784274
96 141863760661
97 348125270696
98 171152023025
99 162223324328
100 214342512453
101 351652671059
102 0
103 383126807660
104 175456947615
105 352831023885
106 196237020999
107 0
109 355861254591
110 300225797251
112 301820543951
114 74277802797
115 373583682052
116 229774513177
119 319423074391
120 302547256970
121 157119443224
122 242087296249
123 0
124 394444367386
126 209692470740
127 96838174463
128 261078065807
129 247843413810
130 87918231098
132 140480700927
133 0
134 425415016746
135 249364759570
136 182412092357
137 365612360154
138 273828362258
139 253613291131
140 257286350843
141 172201298729
142 266991532667
143 176067294938
145 215893334701
148 141863760661
149 345714447776
152 165241210510
153 329384060576
155 304089249080
156 193256366225
157 283679964630
158 301373916490
159 166917619334
160 530831987319
161 366744703028
162 279870057996
163 257301246394
164 0
165 15441521245
166 124172343877
167 258480449795
169 329833005537
170 301648888430
171 228111219462
172 416528989203
174 382814152984
175 282586408430
176 261401974571
177 105607303339
180 218436278882
181 0
182 409943100008
183 396689632420
185 337299094209
186 276929311895
187 365612320791
188 322040416091
189 259752603102
190 293126589316
192 294806952755
193 211620042875
197 48980301966
199 377666833711
200 0
201 344354519520
202 294454750594
203 189346979706
204 0
206 83063973583
207 189986009393
208 162051349344
209 232957594407
210 198649065187
211 184988862220
212 290197247702
213 0
216 263243452604
217 216726307771
218 55130026850
219 328335765066
221 293460639006
222 342454209937
223 0
224 416528989203
225 332337348816
226 0
227 201395268893
228 0
229 39973397276
230 200595328490
231 0
232 231674744264
233 262695441388
234 306472270315
236 200097124974
237 530831987319
238 127193606609
239 0
240 311249549485
241 0
242 311136568138
243 113751863326
244 358613820804
245 313979583332
246 168088998025
248 130378683763
249 310978277909
250 313592501510
251 283757360291
253 264201747385
256 235718527539
257 168078829016
258 385294323455
260 276576640729
261 127193606609
262 180573806812
263 252133826544
264 506442236022
265 0
266 135582043392
267 420371393953
268 460445643351
269 0
271 228608257028
272 246509705112
274 235444677540
275 357437394304
276 295685785209
277 34488682152
278 216433643954
279 232732877008
281 330711588230
282 292302902376
283 0
284 168517233962
285 399112730355
286 233884247529
287 246509705112
288 0
289 145853479463
291 268156821872
292 382810954034
293 286262667261
294 165241210510
295 156907585085
296 297647149159
297 347331909634
298 199367082102
299 433775126585
300 104602154226
301 418981439026
302 471894637903
303 367880443196
304 193256366225
305 214012640431
307 211226724621
308 376538920301
309 0
310 378182837464
311 318318616154
312 432027572193
313 333792609470
314 164586470124
315 82610431636
316 33168515541
318 315833071229
319 437084426573
320 287440240271
321 312767814883
322 334818182076
323 122832662651
324 301648888430
325 184181730234
326 418981439026
327 14298000657
328 242087296249
329 115343825971
330 407401859008
332 211226724621
333 291867974873
334 0
335 163112644580
337 212706742218
338 132119502532
340 169371665803
341 291168108422
342 229000688589
343 342913855304
344 331542976648
345 0
346 380733153954
347 201150728668
349 387399232917
350 74682394489
351 254177809764
353 345791730982
354 62707917293
355 265518835541
356 201869716914
357 291489885120
359 292574211734
361 238022670817
362 106207034422
363 240856953730
364 165241210510
365 363108142344
366 366808134923
367 350186694749
368 335742192332
369 295726323271
370 196456800400
371 238166756245
372 362089591382
373 489598512556
374 258657711664
376 340789308865
377 182995222208
378 292574211734
379 0
380 335271001401
383 257518636599
384 336393233534
385 345791730982
386 310005626859
387 152544182661
388 279260113534
389 355617714903
391 167533623865
393 323202244623
394 307112106818
396 340545700309
397 424474075479
398 186613547064
399 326733726851
400 513638266038
401 433775126585
403 139535584348
404 198386033987
405 240906058024
406 332073097822
409 287633072456
410 191457294630
411 350921844928
412 220950945130
413 245779433210
416 175312156458
417 422445793603
418 360407218033
419 255230482308
420 0
422 216922233798
423 282895972315
424 257286350843
425 208392543450
426 234152127932
427 598951041264
428 182995222208
429 211226724621
430 345016972941
431 1746795400
432 380450506772
433 136084195709
434 253902961556
435 209166368038
436 351377765119
437 292302902376
439 310613337605
440 179648825046
441 114049611841
443 305846774328
444 106523965428
445 404103752118
446 282895972315
447 371289010364
448 456092159801
449 75098243173
450 223868755589
451 226985780839
452 200634781911
453 150561769835
454 300595030378
455 272667528720
457 188423626079
458 407401859008
459 250711042861
460 318671815669
461 163112644580
462 304210784274
463 345110139890
464 278014493171
465 267112029087
466 168311633924
467 89422062663
468 68142747234
469 235707383129
470 324811127640
471 182713829061
472 280673607241
473 426997683757
476 311897974715
477 213085293849
479 292940491660
480 271165705591
481 109623329228
482 0
483 40189384132
484 220328147679
485 208392543450
486 208392543450
487 175586438257
488 147720004667
489 291926383542
491 355806468505
494 255758947259
495 308753793562
496 249511199684
497 334858732967
500 328784918146
