1 278360729950
2 365386452699
3 299086010326
4 385216184658
5 384310264028
6 215198972608
7 483926837152
8 0
9 310679948971
10 220728818942
11 278360729950
12 139888403104
13 0
15 222771705734
16 288976694988
17 261013821381
18 239294130992
19 354843923898
20 215933598084
22 155378731251
23 168856218960
24 24659524978
25 197623416602
26 188714159819
28 557126426689
29 0
30 80701725973
31 249728200014
32 330687028801
33 359993106643
34 253131861393
35 0
36 308069605528
37 326925764614
38 98935173385
40 222032767398
41 269584578905
42 411937294687
43 236346337357
44 173382187759
45 449359277450
46 271450044826
47 225586660857
48 187031188239
49 277977655494
50 220509618699
51 148123280684
52 181304423405
53 320562414730
54 197728080538
55 0
56 248459643498
57 232509688048
59 380436215359
60 149242029779
61 239905736535
62 413567517674
63 227656984794
64 365386452699
65 329774947210
66 227003190054
67 0
68 152366896060
69 40055423202
70 253762798485
71 0
72 254107280935
73 252097435101
74 0
75 349550418601
76 312677917564
77 328037468223
78 237304378612
79 191310869552
80 0
81 99023702436
82 398434922102
83 302002836890
84 301380990279
86 310703149835
87 0
88 117540424972
89 190647615908
90 140937071145
91 237371345582
92 222675192748
93 231813320308
94 160922619317
95 321160767658
96 185452662433
97 288973613851
98 231422817248
99 139931525381
100 215531576267
101 276396529541
102 23598817278
103 344441284623
104 210340785247
105 321852935051
106 200471177768
107 0
109 303654832357
110 281919184689
112 348856870027
114 19516677968
115 238975091294
116 282685371942
119 340251085612
120 202783647473
121 181304423405
122 216681137997
123 0
124 485436644157
126 303620691953
127 80667211691
128 310679948971
129 262848927239
130 145139585508
132 133246493676
133 0
134 430635522201
135 238975091294
136 249095142015
137 141153616616
138 278804780400
139 232509688048
140 266965546454
141 201684719654
142 256655831483
143 119032604559
145 238769864374
148 231530939244
149 387007185348
152 189434593676
153 218595016332
155 341906425524
156 252090291583
157 348280263552
158 340465015003
159 186879660098
160 461247938498
161 249142990257
162 261580370723
163 201580318991
164 0
165 0
166 199238707791
167 203183958681
169 299337227578
170 281919184689
171 178826281511
172 440273026750
173 297127707671
174 421123777675
175 185436665957
176 306939522685
177 118573813539
180 307762521107
181 0
182 403190730054
183 446833517013
185 328605383648
186 316834141041
187 320467866922
188 369681411694
189 297732803247
190 266223337654
192 275570318758
193 226471527730
197 120646641244
199 369924950683
200 0
201 317735037790
202 313929520681
203 243565873585
204 0
206 0
207 149957018176
208 170734752286
209 270182353231
210 266561694836
211 234380688787
212 299086010326
213 0
216 333129636779
217 249508237253
218 0
219 362167542734
221 317560947753
222 439512571757
223 0
224 501348772491
225 283904611695
226 0
227 205981943983
228 0
229 17463070754
230 118481247317
231 259609319794
232 231392681177
233 271450044826
234 369696233623
236 247165693491
237 511883398249
238 197043177423
239 0
240 306939522685
241 81887622155
242 292768158147
243 194814692938
244 299932151729
245 295057447833
246 159678443407
248 238975091294
249 320011555898
250 213120040602
251 359993106643
253 249728200014
256 199834886452
257 66175230244
258 366370263830
259 348037444323
260 307762521107
261 148352562165
262 205981943983
263 271836629449
264 435273358758
265 0
266 133063690740
267 356110312364
269 0
271 164646915403
272 145539774893
274 271650879775
275 417009377980
276 213384952626
277 120083938593
278 259426379872
279 247162856594
281 304634490064
282 252225957404
283 0
284 179339297038
285 423153398132
286 176177164216
287 248459643498
288 0
289 99171081418
291 315668736921
292 369924950683
293 266965546454
294 158198124646
295 220780311677
296 239905736535
297 329582568299
298 196952418887
299 544718606219
300 71816294419
301 341259433436
302 402626039358
303 401827979348
304 252090291583
305 200428852727
307 183405517656
308 409707129619
309 0
310 330764664617
311 295920052983
312 396696432605
313 421707118322
314 187377773585
315 9681011193
316 0
317 284234508821
318 429972054522
319 487624173485
320 231972469326
321 221428375495
322 331745600101
323 198939038542
324 281919184689
325 220560571569
326 402626039358
327 80778290086
328 246921461155
329 177070311730
330 331745600101
332 250563692961
333 369696233623
334 0
335 232509688048
337 222768079781
338 153404815875
340 268776713152
341 246425270106
342 198630653173
343 224707050322
344 312677917564
345 0
346 301235996766
347 300493174525
349 461619858682
350 86027595304
351 287805704823
353 355554285104
354 109650008645
355 229225733533
356 187031188239
357 200545488580
359 295228767871
361 261570284791
362 222675192748
363 316264893741
364 189434593676
365 330468627614
366 405402897748
367 256655831483
368 415436019246
369 275231125420
370 231422817248
371 223922606552
372 381251438939
373 417205688757
374 225418021645
376 309354694471
377 267843250153
378 326465236902
379 0
380 446724247702
381 127510837651
383 179178257927
384 322940895233
385 373988225060
386 316232616407
387 153863868170
388 322190402392
389 321852935051
391 190848450857
393 397969683745
394 355269006222
396 413058527101
397 443098546284
398 71853442038
399 327768809947
400 415207348779
403 236599676006
404 263626200665
405 310899149214
406 235523797986
409 309167839869
410 274938104643
411 333069748097
412 350328049700
413 178387034676
416 178209460869
417 308030149791
418 328605383648
419 200514126414
420 0
422 226913720714
423 295854612985
424 208238080318
425 176998822713
426 163294697636
427 516284398498
428 270998172428
429 237304378612
430 338972570269
431 0
432 347251382497
433 99993709172
434 238166826304
435 227916465113
436 406188609798
437 266965546454
439 426847283796
440 168856218960
441 152267709182
442 333069748097
443 272663067057
444 102052592391
445 382017860873
446 302594012511
447 301989449831
448 404221668819
449 191381969930
450 143144316466
452 207051031629
453 144743031235
454 437139265063
455 258521289887
457 116469238653
458 325280499696
459 225441011782
460 261624738172
461 184283221354
462 336884186008
463 326375788216
465 215257801653
466 13115112395
467 122730149053
468 134091119042
470 326847853371
471 280955949666
472 249728200014
473 382523255719
476 231422817248
477 248057188446
479 340465015003
480 369605570805
481 189354201686
482 0
483 51925008683
484 118417061384
485 190647615908
486 143861746344
487 280819953892
488 118347702066
489 252225957404
491 292430399924
494 272279992602
495 299086010326
496 183750742846
497 260716956334
500 209855636008
