1 252465860704
2 312848680964
3 272400158466
4 312864582277
5 439532233163
6 233064538125
7 497559726807
8 0
9 246056008172
10 289972891126
11 265818816095
12 236750665465
13 0
15 259093247093
16 316750498813
17 279937242245
18 208382339004
19 430985015240
20 254186601941
22 166578620233
23 180001213630
24 37861200878
25 202928678542
26 332305019981
28 479174140231
29 0
30 51387538573
31 201769617667
33 367022175904
34 280823339005
35 0
36 300873334513
37 332754281756
38 142501810213
40 161492373607
41 186032426110
42 399267728100
43 246415563099
44 155565299492
45 466433201899
46 255020623321
47 235573342091
48 284233474717
49 292833426819
50 289742967857
51 148170256036
52 271583319136
53 371315283555
54 254961988760
55 0
56 278551994783
57 159679990000
59 357002448785
60 120747896764
61 248649298404
62 462755203133
63 226783394063
64 312848680964
65 333915435528
66 259850850052
67 0
68 137627546320
69 6727832733
70 218284572246
71 0
72 192666924719
73 228878995228
74 0
75 310406332386
76 361049468550
77 314599030146
78 229640317344
79 112211204797
80 0
81 0
82 461414690743
83 346022717133
84 390195726559
86 292740932162
87 0
88 27193651609
89 274964719564
90 287510789930
91 277959004159
92 186041694095
93 272981317071
94 127718460174
95 344886541676
96 169427845019
97 275746818476
98 279662125694
99 123108205064
100 189297973148
101 238538550264
102 0
103 340363455329
104 199840046536
105 296842957111
106 272640280976
107 0
108 188366455910
109 238538550264
110 284019937549
112 338714159646
114 43945603688
115 222977096998
116 272140404693
119 305624495826
120 237094266701
121 193518457938
122 207460576183
123 0
124 447676159097
126 222883450581
127 110756469942
128 177193646364
129 259672090078
130 122295853801
132 185562257383
133 0
134 491811413756
135 188413608037
136 234918208813
137 180647202255
138 238464364582
139 211484243848
140 264221503125
141 193427422872
142 261588258751
143 149068301470
145 216936690747
148 195499879375
149 359703122436
150 351197852966
152 277519482181
153 230382074701
155 289909516260
156 248908049051
157 357002448785
158 349130366885
159 192582276839
160 451174756101
161 337839618368
162 303305876048
163 237493533021
164 0
165 0
166 201654506271
167 249061398444
169 261046818884
170 297090414005
171 192582276839
172 417485031882
173 235564293476
174 354185840673
175 237834325889
176 396974997506
177 85788384863
180 280733243950
181 73317153221
182 407489193343
183 390195726559
185 334650445590
186 365926296686
187 351174234775
188 330096599906
189 271964525439
190 248064003605
192 345164366976
193 182828386702
197 93984020736
199 324349073459
200 0
201 377510480721
202 318916420351
203 229833162700
204 0
206 0
207 191190282895
208 202181215642
209 245511861079
210 359703122436
211 233064538125
212 271956829916
213 0
216 340822679432
217 184314942293
218 0
219 279097024409
221 328152808626
222 378901639326
223 0
224 477845439341
225 309746019437
226 0
227 171672949593
228 12947800112
229 0
230 139785944931
231 0
232 254273456550
233 280075876106
234 371670018346
236 246566895751
237 481847857946
238 220770544464
239 0
240 309853246020
241 0
242 351620872206
243 195643525856
244 304482259632
245 271956829916
246 208764959482
248 178333260935
249 312848680964
250 241404755367
251 258602078539
253 201769617667
256 229515825047
257 72569453138
258 334066964428
259 332866823546
260 280733243950
261 208815475096
262 171672949593
263 198161744000
264 425280295625
265 0
266 97866265416
267 361440858989
269 0
271 163728335332
272 78414147580
274 239129738316
275 417853822098
276 355771422812
277 97939028815
278 343799911660
279 213620872446
281 374883742791
282 245861140207
283 0
284 228878995228
285 352691613632
286 181566127512
287 278551994783
288 0
289 116499534683
291 324413168515
292 324349073459
293 306988573862
294 136968724457
295 200729096257
296 248649298404
297 314599030146
298 237753088564
299 522059606329
300 16764964766
301 344164187055
302 362897946012
303 444061396997
304 248908049051
305 149247247905
307 231323758171
308 392580999664
309 0
310 336285037696
311 305867146107
312 321330510073
313 443051879666
314 137875937902
315 83338097085
316 11581614622
317 328542496891
318 424063202581
319 326799811958
320 215379759862
321 319212590065
322 345047379417
323 175687363246
324 312267576246
325 142162137735
326 362897946012
327 142389260526
328 286071113038
329 195465641459
330 345047379417
332 200699974557
333 371670018346
334 0
335 218847146579
337 267364516420
338 192298745813
340 240262117541
341 276293420454
342 201820118192
343 226288454277
344 336403966669
345 0
346 306530456443
347 289145717081
349 519217502531
350 58450701279
351 294349527856
353 297408058395
354 158536178055
355 197608657634
356 277951308637
357 243861959575
359 200270262614
361 299422928557
362 186041694095
363 316743872888
364 277519482181
365 301936991399
366 341860117447
367 261588258751
368 306865840708
369 258530544609
370 279662125694
371 260404235798
372 390337745997
373 412931630326
374 199741779200
376 350537305613
377 251744891533
378 340821020339
379 0
380 423494917197
381 144547051675
383 214958713664
384 297408058395
385 394845559778
386 227365247240
387 191306988133
389 283895156999
391 234018581775
393 324811996656
394 413467174869
395 248951447277
396 387220490653
397 530865865914
398 95376541075
399 334057454967
400 370302846535
403 276180142190
404 122076244156
405 210163807065
406 289352859067
409 252773942229
410 290195290737
411 310048612777
412 360852826165
413 289957313201
416 0
417 272140404693
418 349990639378
420 0
422 270875678447
423 265702744211
424 124862706208
426 221160198245
427 544356988382
428 242015718182
429 229640317344
430 331414915794
431 0
432 275746818476
433 157992633638
434 313785290640
435 264732904459
436 340822679432
437 264221503125
439 294658477675
440 170272040279
441 131809405861
442 319454717322
443 252465860704
444 126808312089
445 408896612412
446 274514711509
447 276292856718
448 375214727318
449 203131407459
450 130962775384
452 154796526027
453 204844943148
454 376300918081
455 258351438127
457 155655244227
458 388418753415
459 193518457938
460 317168625477
461 218847146579
462 312848680964
463 395086335807
465 192582276839
466 100085639516
467 131986307871
468 82908290620
470 377648907068
471 289145717081
472 234918208813
473 364926116766
475 211484243848
476 279662125694
477 266754314131
479 339724262340
480 271822635636
481 200729096257
482 0
483 65134239023
484 95328173057
485 274964719564
486 126816254855
487 318827719316
488 143459291410
489 245861140207
491 268981594010
494 292833426819
495 272400158466
496 205290316005
497 333347157818
500 265952566786
